# Forces         
# CofR           : (0.000000000e+00 0.000000000e+00 0.000000000e+00)
# Time           forces(pressure viscous)	moments(pressure viscous)
0                	((0.000000000e+00 -3.314800816e+02 0.000000000e+00) (0.000000000e+00 0.000000000e+00 0.000000000e+00)) ((-8.977262397e-18 -3.516429381e-18 1.243449788e-14) (0.000000000e+00 0.000000000e+00 0.000000000e+00))
0.004994203      	((3.629823091e+01 -3.548353989e+02 0.000000000e+00) (0.000000000e+00 0.000000000e+00 0.000000000e+00)) ((-9.771775368e-18 -4.131341934e-18 3.223576598e+01) (0.000000000e+00 0.000000000e+00 0.000000000e+00))
0.009994203      	((3.524919217e+01 -3.674637765e+02 0.000000000e+00) (0.000000000e+00 0.000000000e+00 0.000000000e+00)) ((-1.011371474e-17 -4.140090566e-18 4.168802398e+00) (0.000000000e+00 0.000000000e+00 0.000000000e+00))
0.014994203      	((3.476610662e+01 -3.608560548e+02 0.000000000e+00) (0.000000000e+00 0.000000000e+00 0.000000000e+00)) ((-1.003468785e-17 -4.109909953e-18 1.223688687e+01) (0.000000000e+00 0.000000000e+00 0.000000000e+00))
0.019994203      	((3.453559435e+01 -3.543537301e+02 0.000000000e+00) (0.000000000e+00 0.000000000e+00 0.000000000e+00)) ((-9.910921047e-18 -4.076153948e-18 2.048887619e+01) (0.000000000e+00 0.000000000e+00 0.000000000e+00))
0.024994203      	((3.439839718e+01 -3.490840283e+02 0.000000000e+00) (0.000000000e+00 0.000000000e+00 0.000000000e+00)) ((-9.762322789e-18 -4.055648130e-18 2.666561198e+01) (0.000000000e+00 0.000000000e+00 0.000000000e+00))
0.029994203      	((3.441729256e+01 -3.445656087e+02 0.000000000e+00) (0.000000000e+00 0.000000000e+00 0.000000000e+00)) ((-9.592615959e-18 -4.056638709e-18 3.051490594e+01) (0.000000000e+00 0.000000000e+00 0.000000000e+00))
0.034994203      	((3.442966840e+01 -3.403013486e+02 0.000000000e+00) (0.000000000e+00 0.000000000e+00 0.000000000e+00)) ((-9.421813380e-18 -4.050153888e-18 3.225456551e+01) (0.000000000e+00 0.000000000e+00 0.000000000e+00))
