# Probe 0 (-20 0.5 0)
# Probe 1 (-2.6 0.8 0)
# Probe 2 (2.6 0.8 0)
# Probe 3 (20 0.5 0)
# Time           0                1                2                3               
0                1013.25          1013.25          1013.25          1013.25         
0.000184930555   1013.25          1029.08608       979.470278       1013.25         
0.000584930555   1013.25          1211.15354       797.501666       1013.25         
0.000973636734   1013.25          1583.00735       716.603584       1013.25         
0.00136232512    1013.25          1669.29597       663.433295       1013.25         
0.00174494098    1013.25          1636.43423       606.372641       1013.25         
0.00212348223    1013.25          1700.64732       561.773305       1013.25         
0.00250521088    1013.25          1879.37496       529.915965       1013.25         
0.00289510371    1013.25          1933.72006       507.63527        1013.25         
0.00329420302    1013.25          1886.43342       491.13438        1013.25         
0.00369420302    1013.25          1835.2885        486.617376       1013.25         
0.00409420302    1013.25          1794.44316       517.677035       1013.25         
0.00449420302    1013.25          1769.64481       591.76145        1013.25         
0.00489420302    1013.25          1753.10834       605.952804       1013.25         
0.00529420302    1013.25          1743.32972       597.088093       1013.25         
0.00569420302    1013.25          1750.09655       581.153566       1013.25         
0.00609420302    1013.25          1781.53082       563.154287       1013.25         
0.00649420302    1013.25          1823.82407       549.21939        1013.25         
0.00689420302    1013.25          1826.60417       535.759785       1013.25         
0.00729420302    1013.25          1824.36688       524.182677       1013.25         
0.00769420302    1013.25          1844.23636       516.866402       1013.25         
0.00809420302    1013.25          1832.9622        516.563365       1013.25         
0.00849420302    1013.25          1802.08183       528.078448       1013.25         
0.00889420302    1013.25          1783.72493       550.594919       1013.25         
0.00929420302    1013.25          1774.39476       577.895353       1013.25         
0.00969420302    1013.25          1773.76992       604.280407       1013.25         
0.010094203      1013.25          1775.55205       624.897159       1013.25         
0.010494203      1013.25          1789.03141       630.965678       1013.25         
0.010894203      1013.25          1801.14261       624.135044       1013.25         
0.011294203      1013.25          1820.31164       612.879942       1013.25         
0.011694203      1013.25          1822.58513       600.86135        1013.25         
0.012094203      1013.25          1819.81821       590.14008        1013.25         
0.012494203      1013.25          1813.42389       582.116466       1013.25         
0.012894203      1013.25          1810.09206       578.755568       1013.25         
0.013294203      1013.25          1796.36357       584.120718       1013.25         
0.013694203      1013.25          1785.32439       593.215816       1013.25         
0.014094203      1013.25          1782.59367       601.052087       1013.25         
0.014494203      1013.25          1785.74668       605.858269       1013.25         
0.014894203      1013.25          1793.36852       606.445415       1013.25         
0.015294203      1013.25          1802.58349       602.383853       1013.25         
0.015694203      1013.25          1808.88591       597.373138       1013.25         
0.016094203      1013.25          1816.0482        592.084052       1013.25         
0.016494203      1013.25          1815.27279       584.89961        1013.25         
0.016894203      1013.25          1813.25132       578.096198       1013.25         
0.017294203      1013.25          1805.78883       573.782573       1013.25         
0.017694203      1013.25          1801.24475       571.012643       1013.25         
0.018094203      1013.25          1793.50042       570.164221       1013.24999      
0.018494203      1013.25          1791.4248        573.061016       1013.24998      
0.018894203      1013.25          1790.67299       576.952301       1013.24995      
0.019294203      1013.25          1795.42523       579.257609       1013.24986      
0.019694203      1013.25          1800.06684       579.316055       1013.24966      
0.020094203      1013.25          1807.36655       578.015824       1013.24919      
0.020494203      1013.25          1809.74525       575.318734       1013.24817      
0.020894203      1013.25          1808.97143       571.3088         1013.24598      
0.021294203      1013.25          1810.91393       567.536905       1013.24148      
0.021694203      1013.25          1803.9907        565.414738       1013.23255      
0.022094203      1013.25          1799.3184        564.896804       1013.21542      
0.022494203      1013.25          1796.38768       565.213221       1013.18364      
0.022894203      1013.25          1792.08256       565.90292        1013.12656      
0.023294203      1013.25          1793.90446       566.397264       1013.02726      
0.023694203      1013.25          1794.64354       566.101415       1012.85985      
0.024094203      1013.25          1799.73036       564.936319       1012.58615      
0.024494203      1013.25          1801.61233       563.446544       1012.15205      
0.024894203      1013.25          1808.24808       561.975077       1011.48385      
0.025294203      1013.25          1806.56511       560.528608       1010.48531      
0.025694203      1013.25          1804.7741        559.635786       1009.03635      
0.026094203      1013.25          1804.89631       559.902728       1006.99446      
0.026494203      1013.25          1799.55322       561.369087       1004.19982      
0.026894203      1013.25          1795.86483       563.280942       1000.48496      
0.027294203      1013.25          1795.82805       565.223742       995.689143      
0.027694203      1013.25          1792.99341       566.761024       989.676676      
0.028094203      1013.25          1795.34004       567.449978       982.357279      
0.028494203      1013.25          1798.94594       567.143368       973.703462      
0.028894203      1013.25          1800.01529       565.664126       963.761211      
0.029294203      1013.25          1806.48699       563.306061       952.649888      
0.029694203      1013.25          1804.01592       560.686182       940.548724      
0.030094203      1013.25          1803.49057       558.353344       927.669022      
0.030494203      1013.25          1803.75225       557.028847       914.214469      
0.030894203      1013.25          1799.83681       557.159211       900.333438      
0.031294203      1013.25          1797.17654       558.61452        886.087036      
0.031694203      1013.25          1797.29484       561.030293       871.231632      
0.032094203      1013.25          1795.04118       563.247717       855.389233      
0.032494203      1013.25          1795.40381       564.545304       836.365034      
0.032894203      1013.25          1799.48576       564.824386       820.734385      
0.033294203      1013.25          1799.71322       564.198284       811.289414      
0.033694203      1013.25          1804.50004       562.822161       804.414724      
0.034094203      1013.25          1804.87763       561.123474       799.746347      
0.034494203      1013.25          1802.36638       559.422441       797.777335      
0.034894203      1013.25          1802.06323       557.896144       796.348546      
