# Probe 0 (-20 0.5 0)
# Probe 1 (-2.6 0.8 0)
# Probe 2 (2.6 0.8 0)
# Probe 3 (20 0.5 0)
# Time           0                1                2                3               
0                0.0120390114     0.0120390114     0.0120390114     0.0120390114    
0.000184930555   0.0120390114     0.0121693285     0.0117466108     0.0120390114    
0.000584930555   0.0120390114     0.0136152371     0.0100718089     0.0120390114    
0.000973636734   0.0120390114     0.0165579033     0.00932455334    0.0120390114    
0.00136232512    0.0120390114     0.0170468543     0.00878447287    0.0120390114    
0.00174494098    0.0120390114     0.0166922191     0.00824182452    0.0120390114    
0.00212348223    0.0120390114     0.0171327287     0.00781754461    0.0120390114    
0.00250521088    0.0120390114     0.0184770414     0.00744833412    0.0120390114    
0.00289510371    0.0120390114     0.0188968285     0.00724871228    0.0120390114    
0.00329420302    0.0120390114     0.0185896174     0.00710119882    0.0120390114    
0.00369420302    0.0120390114     0.018249141      0.00706913967    0.0120390114    
0.00409420302    0.0120390114     0.0179875331     0.00743168065    0.0120390114    
0.00449420302    0.0120390114     0.0178404526     0.00823995219    0.0120390114    
0.00489420302    0.0120390114     0.0177335854     0.00844914237    0.0120390114    
0.00529420302    0.0120390114     0.0176676425     0.00836373888    0.0120390114    
0.00569420302    0.0120390114     0.0177202906     0.00815361067    0.0120390114    
0.00609420302    0.0120390114     0.0179547654     0.0079314141     0.0120390114    
0.00649420302    0.0120390114     0.0182615056     0.00777736785    0.0120390114    
0.00689420302    0.0120390114     0.0182767439     0.00762986806    0.0120390114    
0.00729420302    0.0120390114     0.0182671241     0.00751059012    0.0120390114    
0.00769420302    0.0120390114     0.0184237423     0.00743406706    0.0120390114    
0.00809420302    0.0120390114     0.0183658054     0.00743770917    0.0120390114    
0.00849420302    0.0120390114     0.0181570064     0.00757448751    0.0120390114    
0.00889420302    0.0120390114     0.0180344782     0.00781520681    0.0120390114    
0.00929420302    0.0120390114     0.017972651      0.00809598057    0.0120390114    
0.00969420302    0.0120390114     0.0179714735     0.008364907      0.0120390114    
0.010094203      0.0120390114     0.0179898033     0.00856521361    0.0120390114    
0.010494203      0.0120390114     0.0180898843     0.0086093875     0.0120390114    
0.010894203      0.0120390114     0.0181847749     0.00851569186    0.0120390114    
0.011294203      0.0120390114     0.0183258083     0.00840142901    0.0120390114    
0.011694203      0.0120390114     0.0183500042     0.00829957805    0.0120390114    
0.012094203      0.0120390114     0.0183395886     0.00820268237    0.0120390114    
0.012494203      0.0120390114     0.0183035888     0.00812319301    0.0120390114    
0.012894203      0.0120390114     0.01828496       0.0080897425     0.0120390114    
0.013294203      0.0120390114     0.0181868481     0.00814389471    0.0120390114    
0.013694203      0.0120390114     0.0181042893     0.00823683182    0.0120390114    
0.014094203      0.0120390114     0.01807484       0.008316796      0.0120390114    
0.014494203      0.0120390114     0.0180930427     0.008357895      0.0120390114    
0.014894203      0.0120390114     0.0181451247     0.00834878385    0.0120390114    
0.015294203      0.0120390114     0.0182098753     0.00829798293    0.0120390114    
0.015694203      0.0120390114     0.0182545623     0.00824202225    0.0120390114    
0.016094203      0.0120390114     0.0183064906     0.00817714       0.0120390114    
0.016494203      0.0120390114     0.0183043099     0.00808689118    0.0120390114    
0.016894203      0.0120390114     0.0182869073     0.00799691045    0.0120390114    
0.017294203      0.0120390114     0.018229479      0.0079187892     0.0120390114    
0.017694203      0.0120390114     0.0181909883     0.00783816603    0.0120390114    
0.018094203      0.0120390114     0.0181289707     0.00776510432    0.0120390114    
0.018494203      0.0120390114     0.0181070013     0.0077198246     0.0120390112    
0.018894203      0.0120390114     0.0180940204     0.0076874211     0.0120390109    
0.019294203      0.0120390114     0.018123862      0.00765900208    0.0120390101    
0.019694203      0.0120390114     0.0181513424     0.00762284104    0.0120390081    
0.020094203      0.0120390114     0.0182041488     0.00760606227    0.0120390036    
0.020494203      0.0120390114     0.0182144797     0.00760794147    0.0120389937    
0.020894203      0.0120390114     0.0182116063     0.00758764083    0.0120389728    
0.021294203      0.0120390114     0.0182194837     0.00755643438    0.0120389299    
0.021694203      0.0120390114     0.0181627023     0.00753087189    0.0120388451    
0.022094203      0.0120390114     0.0181282246     0.00752389508    0.0120386832    
0.022494203      0.0120390114     0.0180998757     0.00752591503    0.0120383842    
0.022894203      0.0120390114     0.0180680634     0.00752605203    0.0120378494    
0.023294203      0.0120390114     0.0180786814     0.00751358081    0.0120369234    
0.023694203      0.0120390114     0.0180829063     0.00748997536    0.0120353693    
0.024094203      0.0120390114     0.0181155875     0.00745972101    0.0120328404    
0.024494203      0.0120390114     0.0181266582     0.00742960436    0.0120288485    
0.024894203      0.0120390114     0.0181708115     0.00740460872    0.0120227336    
0.025294203      0.0120390114     0.0181566561     0.00739072009    0.0120136407    
0.025694203      0.0120390114     0.0181438503     0.00739178293    0.0120005117    
0.026094203      0.0120390114     0.0181400533     0.00741129674    0.0119821021    
0.026494203      0.0120390114     0.0181002327     0.00744404304    0.0119570292    
0.026894203      0.0120390114     0.0180748483     0.00746971455    0.0119238592    
0.027294203      0.0120390114     0.0180708365     0.00748863369    0.01188123      
0.027694203      0.0120390114     0.0180523959     0.00749928143    0.0118280062    
0.028094203      0.0120390114     0.0180700458     0.0074988797     0.0117634457    
0.028494203      0.0120390114     0.0180925297     0.00748716569    0.0116873384    
0.028894203      0.0120390114     0.0181036099     0.007463282      0.0116000888    
0.029294203      0.0120390114     0.0181452008     0.00743257982    0.0115027097    
0.029694203      0.0120390114     0.018129894      0.00740468475    0.0113967069    
0.030094203      0.0120390114     0.0181263807     0.00738534538    0.0112838427    
0.030494203      0.0120390114     0.0181260838     0.00738542307    0.0111657952    
0.030894203      0.0120390114     0.018098592      0.0074037172     0.0110437329    
0.031294203      0.0120390114     0.018081681      0.00743073358    0.0109180524    
0.031694203      0.0120390114     0.0180815801     0.00745998294    0.0107868143    
0.032094203      0.0120390114     0.0180664806     0.00748247412    0.0106472842    
0.032494203      0.0120390114     0.0180714391     0.00749166795    0.0104801001    
0.032894203      0.0120390114     0.0180978849     0.00749044091    0.0103429137    
0.033294203      0.0120390114     0.0181021766     0.00747892945    0.0102602872    
0.033694203      0.0120390114     0.0181375575     0.00745967975    0.0102003523    
0.034094203      0.0120390114     0.0181366771     0.00744029417    0.0101590785    
0.034494203      0.0120390114     0.018120452      0.00742493254    0.0101415622    
0.034894203      0.0120390114     0.0181194031     0.00741815421    0.0101287395    
