# Probe 0 (-20 0.5 0)
# Probe 1 (-2.6 0.8 0)
# Probe 2 (2.6 0.8 0)
# Probe 3 (20 0.5 0)
# Time           0                1                2                3               
0                (250 0 0)        (250 0 0)        (250 0 0)        (250 0 0)       
0.000184930555   (250 -5.59555967e-15 5.79684972e-15) (248.567166 3.63034988 1.96831826e-14) (249.633308 -8.93467025 2.59186109e-15) (250 6.07522145e-14 2.07915806e-15)
0.000584930555   (250 5.82483337e-14 3.35790973e-14) (209.759475 38.3106437 2.65048282e-14) (259.717189 -67.9704831 -9.59976153e-15) (250 -2.18002256e-14 -1.04067225e-15)
0.000973636734   (250 2.58859545e-13 4.70210052e-14) (157.480456 99.3491042 -1.52978875e-14) (283.934541 -94.6365302 -1.840704e-14) (250 1.45172178e-13 -1.53744502e-15)
0.00136232512    (250 6.87727605e-14 7.74733204e-14) (118.971838 138.969301 -4.71801055e-15) (305.430684 -104.359986 -7.92034429e-15) (250 2.92864955e-15 -1.69256173e-14)
0.00174494098    (250 5.69924736e-13 1.22993129e-13) (127.601929 137.796532 1.9490056e-14) (325.973611 -105.742748 -3.57915161e-15) (250 1.98133013e-13 -7.97781328e-15)
0.00212348223    (250 3.55723311e-13 1.61828241e-13) (131.632571 117.055554 3.03601161e-14) (344.130016 -104.88009 -7.38167041e-15) (250 1.0376889e-13 -2.58872771e-16)
0.00250521088    (250 2.72860857e-13 2.0839625e-13) (124.788869 89.6832386 3.61876272e-14) (358.982294 -102.026863 -8.14922061e-15) (250 -7.59543805e-15 2.24121566e-14)
0.00289510371    (250 2.82862098e-13 2.3672181e-13) (123.952175 76.9207913 2.24368407e-14) (370.643389 -98.6009091 -9.89447184e-15) (250 1.82529308e-13 3.6044564e-14)
0.00329420302    (250 5.46163451e-13 2.70155334e-13) (129.155256 75.4174733 7.62784501e-15) (380.061176 -94.0258225 -1.15505069e-14) (250 1.58113564e-13 4.67190713e-14)
0.00369420302    (250 4.22744362e-13 3.07161511e-13) (134.202627 72.2059089 -2.77188094e-15) (386.912501 -85.6374902 -1.12648833e-14) (250 1.59350513e-13 6.95009888e-14)
0.00409420302    (250 4.70430369e-13 3.39573474e-13) (135.658744 68.0322349 -5.86184058e-15) (388.308075 -62.832399 -1.51024367e-14) (250 1.56209799e-13 9.16942469e-14)
0.00449420302    (250 2.93980385e-13 3.59810491e-13) (135.084791 68.2723966 -1.04591023e-14) (380.922885 -25.0822705 -1.50361503e-14) (250 -2.07506499e-13 1.1506225e-13)
0.00489420302    (250 4.02381417e-13 3.80669487e-13) (133.48076 73.011968 -1.21971201e-14) (374.318963 -13.5400946 -2.01304517e-14) (250 -1.23815263e-14 1.52850783e-13)
0.00529420302    (250 8.5713743e-13 3.67788261e-13) (131.334672 78.5074301 -5.4222899e-15) (371.893306 -13.5379241 -2.41134307e-14) (250 3.38441875e-14 1.79552422e-13)
0.00569420302    (250 4.46270205e-13 3.87253849e-13) (128.779255 83.2404733 9.56215933e-15) (372.070184 -20.2491287 -1.66964359e-14) (250 2.01057402e-13 2.13329324e-13)
0.00609420302    (250 5.50111342e-13 4.10318879e-13) (125.77561 89.0916672 1.95160313e-14) (373.660254 -30.7232997 -6.7278277e-15) (250 2.55517078e-13 2.52747839e-13)
0.00649420302    (250 6.812705e-13 4.09825354e-13) (123.292402 96.0548792 2.80494417e-14) (376.681958 -38.8961559 5.1969373e-15) (250 3.21633766e-13 2.62202408e-13)
0.00689420302    (250 5.01824548e-13 4.07908702e-13) (124.547284 95.0937937 3.37221589e-14) (380.551551 -44.5507933 1.66529431e-14) (250 1.35230727e-13 2.84060828e-13)
0.00729420302    (250 6.33708543e-13 4.1382202e-13) (127.662181 87.264748 4.31047498e-14) (384.94592 -47.9273439 2.21532067e-14) (250 3.76575505e-13 2.88325637e-13)
0.00769420302    (250 7.68064517e-13 4.02200884e-13) (130.179269 78.4595588 4.12491396e-14) (389.599198 -49.3871163 3.22867888e-14) (250 1.58324879e-13 3.21607405e-13)
0.00809420302    (250 3.26745726e-13 3.98686002e-13) (132.102786 75.7363694 4.05551136e-14) (395.109454 -49.3545644 4.16899863e-14) (250 2.24826125e-13 3.29045058e-13)
0.00849420302    (250 7.00440371e-13 3.79976648e-13) (132.706044 77.0276304 4.16104404e-14) (402.345245 -47.4748424 5.08693927e-14) (250 1.31765407e-13 3.34273358e-13)
0.00889420302    (250 4.14817294e-13 3.78721579e-13) (132.159941 78.2784353 3.73211702e-14) (411.111036 -44.9283339 6.39211898e-14) (250 2.37488597e-13 3.69560637e-13)
0.00929420302    (250 1.20244749e-12 3.74837934e-13) (130.939265 79.9067451 3.82869111e-14) (420.15459 -43.2535193 7.75095626e-14) (250 -2.19545363e-13 4.0407707e-13)
0.00969420302    (250 1.18001788e-12 3.63724321e-13) (129.538764 82.2150346 3.97185316e-14) (427.591717 -42.2949524 9.04162127e-14) (250 1.09893687e-13 4.27408502e-13)
0.010094203      (250 6.90958243e-13 3.66271453e-13) (127.936498 85.1255109 3.58334494e-14) (431.352154 -41.3026287 1.04789559e-13) (250 -1.73204234e-14 4.3705239e-13)
0.010494203      (250 1.2239396e-12 3.44860288e-13) (127.110906 87.5184853 3.73348945e-14) (431.755796 -41.7993136 1.17786655e-13) (250 -1.23312541e-13 4.59682386e-13)
0.010894203      (250 1.05061392e-12 3.21899381e-13) (126.24448 89.6912103 3.92184164e-14) (431.460543 -44.7059491 1.34462148e-13) (250 -1.23100437e-13 4.83399163e-13)
0.011294203      (250 9.85434111e-13 3.14927257e-13) (126.296023 90.403783 4.0350561e-14) (431.547817 -48.6522396 1.40372273e-13) (250 2.58297371e-13 5.1920328e-13)
0.011694203      (250 1.3688543e-12 2.94580231e-13) (127.059089 89.1281385 4.3381099e-14) (431.320982 -51.5390242 1.46812875e-13) (250 1.29918455e-13 5.30655303e-13)
0.012094203      (250 1.01980321e-12 2.76545384e-13) (129.124606 84.6491084 4.82868005e-14) (430.607625 -53.2381907 1.49766706e-13) (250 -2.20815453e-13 5.45060954e-13)
0.012494203      (250 8.70648777e-13 2.68379733e-13) (130.182472 80.4639883 4.44506525e-14) (429.425064 -53.2261088 1.51540578e-13) (250 1.38151437e-13 5.55852563e-13)
0.012894203      (250 4.32855513e-13 2.49812449e-13) (130.676939 78.8746923 4.15483515e-14) (428.226471 -51.4585153 1.62466026e-13) (250 1.42552679e-13 5.80590543e-13)
0.013294203      (250 1.16362695e-12 2.37692634e-13) (130.242354 80.2916268 4.47306282e-14) (427.437643 -47.8486853 1.65717424e-13) (250 5.23990221e-14 5.97188357e-13)
0.013694203      (250 8.95700588e-13 2.02036428e-13) (129.24411 82.4398799 4.46920426e-14) (426.891153 -44.0497656 1.73594235e-13) (250 -5.54218768e-13 6.0349295e-13)
0.014094203      (250 8.1856679e-13 1.90294472e-13) (128.199564 83.904071 4.9575944e-14) (426.703587 -41.7776098 1.74284432e-13) (250 -6.09736882e-13 6.00565784e-13)
0.014494203      (250 1.1692538e-12 1.63983318e-13) (127.312097 85.1870326 5.04771693e-14) (427.265884 -42.1583918 1.74795619e-13) (250 -4.9513101e-13 5.85136354e-13)
0.014894203      (250 1.57744689e-12 1.52521073e-13) (126.770678 86.3592234 4.38940802e-14) (428.247669 -44.1868951 1.74398935e-13) (250 -6.72810614e-13 5.9147006e-13)
0.015294203      (250 1.74413779e-12 1.46405984e-13) (126.652798 87.3464559 4.16356547e-14) (428.910802 -46.7734105 1.74893256e-13) (250 -4.71738786e-13 5.9544796e-13)
0.015694203      (250 1.33577122e-12 1.43895314e-13) (126.643183 87.66007 2.70456297e-14) (428.996966 -49.2854076 1.6586775e-13) (250 -2.68508003e-13 5.91860511e-13)
0.016094203      (250 1.34254572e-12 1.38092342e-13) (127.34502 87.0981333 1.53966771e-14) (428.736899 -51.08702 1.53871035e-13) (250 -6.5675996e-14 5.84957247e-13)
0.016494203      (250 1.15327466e-12 1.30860605e-13) (127.99302 85.3767808 3.81655674e-16) (428.265679 -52.1319212 1.48933239e-13) (250 2.58533504e-13 5.73506146e-13)
0.016894203      (250 9.52971915e-13 1.2999286e-13) (128.812033 82.8619416 -1.17881613e-14) (427.703171 -53.0670946 1.4332666e-13) (250 8.60817869e-13 5.71871715e-13)
0.017294203      (250 1.05964646e-12 1.19344668e-13) (129.141861 80.8085817 -2.999363e-14) (427.458853 -53.7848001 1.37193212e-13) (250 1.78311076e-12 5.62356263e-13)
0.017694203      (250 6.54006087e-13 1.26849448e-13) (129.306642 80.1445678 -4.34608498e-14) (427.79388 -53.7814907 1.32402493e-13) (249.999999 4.26469589e-13 5.55442872e-13)
0.018094203      (250 1.0898101e-12 1.20579077e-13) (128.650847 81.2775273 -6.61476806e-14) (428.532954 -53.2130815 1.33842036e-13) (249.999997 -7.99684419e-12 5.52391846e-13)
0.018494203      (250 1.42898905e-12 1.01411796e-13) (128.070051 82.9451155 -8.07680201e-14) (429.435611 -52.1970893 1.33758198e-13) (249.999993 -3.29049936e-11 5.46815514e-13)
0.018894203      (250 1.38764314e-12 8.03551186e-14) (127.311302 84.3336011 -1.06404006e-13) (430.393071 -51.2756473 1.39154228e-13) (249.999981 -8.75094139e-11 5.51596777e-13)
0.019294203      (250 1.47644235e-12 6.86730063e-14) (126.964282 85.0562268 -1.34890944e-13) (431.186855 -50.5809966 1.41830833e-13) (249.999952 -1.73196323e-10 5.55658342e-13)
0.019694203      (250 1.51671548e-12 5.28554126e-14) (126.674315 85.3081127 -1.65723813e-13) (431.40971 -50.4663502 1.43678936e-13) (249.999884 -2.3917266e-10 5.52821495e-13)
0.020094203      (250 1.77744063e-12 5.71009219e-14) (127.086897 85.203615 -1.92826835e-13) (431.033688 -50.879142 1.52441613e-13) (249.999728 -1.58517287e-10 5.3605231e-13)
0.020494203      (250 1.40264687e-12 5.50877458e-14) (127.470371 84.7305408 -2.2612896e-13) (430.374627 -51.4505183 1.58527173e-13) (249.999388 3.11277636e-10 5.21471866e-13)
0.020894203      (250 1.39790482e-12 5.03000911e-14) (127.714534 84.0411713 -2.55974969e-13) (429.663434 -51.8840656 1.66814949e-13) (249.998671 1.43000809e-09 5.14400794e-13)
0.021294203      (250 1.39632362e-12 6.61443113e-14) (128.661042 82.5359949 -2.87209745e-13) (428.986243 -52.0754794 1.70472156e-13) (249.997212 2.09613521e-09 5.11386597e-13)
0.021694203      (250 1.19170026e-12 4.75941076e-14) (128.897264 81.3031421 -3.05916525e-13) (428.474909 -51.9307195 1.81215861e-13) (249.994351 -2.40791433e-09 5.06704935e-13)
0.022094203      (250 1.51621671e-12 3.27731741e-14) (128.866196 80.575471 -3.25897791e-13) (428.229302 -51.4035332 1.86520916e-13) (249.988922 -2.34899763e-08 4.99249454e-13)
0.022494203      (250 8.04399033e-13 2.43166327e-14) (128.924421 80.6899229 -3.39680285e-13) (428.260482 -50.7986885 1.91727483e-13) (249.978965 -7.34830869e-08 4.93012126e-13)
0.022894203      (250 1.20754108e-12 1.69875135e-14) (128.318913 81.7651139 -3.44342513e-13) (428.568068 -50.4539063 2.04998178e-13) (249.96129 -1.56684453e-07 4.9016356e-13)
0.023294203      (250 1.03880529e-12 1.44596131e-14) (127.954916 83.0543872 -3.60657831e-13) (429.234116 -50.5730556 2.17455941e-13) (249.930907 -2.27353266e-07 4.80743617e-13)
0.023694203      (250 1.0240579e-12 3.24920938e-15) (127.467376 84.1267101 -3.67763386e-13) (430.17193 -51.1026993 2.25121633e-13) (249.880305 -1.43908406e-07 4.77583798e-13)
0.024094203      (250 2.5046579e-12 -1.4664071e-14) (127.479207 84.4420501 -3.73463061e-13) (431.117317 -51.825053 2.29325166e-13) (249.798609 3.66675835e-07 4.78690509e-13)
0.024494203      (250 1.40882287e-12 -1.82728425e-14) (127.544142 84.2586087 -3.80966916e-13) (431.77834 -52.3379592 2.42731593e-13) (249.670699 1.25899141e-06 4.48704362e-13)
0.024894203      (250 5.90580077e-13 -2.93369717e-14) (128.164528 83.6198901 -3.79775059e-13) (431.969467 -52.4108577 2.50853898e-13) (249.476417 2.24746254e-06 4.41432186e-13)
0.025294203      (250 5.74904265e-13 -4.10586374e-14) (128.327253 83.0235969 -3.81439485e-13) (431.720423 -52.117852 2.52906547e-13) (249.19006 4.62543327e-08 4.35398542e-13)
0.025694203      (250 3.22297759e-13 -4.10393887e-14) (128.404812 82.5783052 -3.75748084e-13) (431.172851 -51.4566615 2.61211691e-13) (248.780387 -9.00307462e-06 4.32803483e-13)
0.026094203      (250 1.91575927e-12 -4.24754137e-14) (128.965513 81.8063756 -3.63971485e-13) (430.485333 -50.4290943 2.69732158e-13) (248.211382 -3.03354994e-05 4.18518611e-13)
0.026494203      (250 2.48693212e-12 -6.45907213e-14) (128.908288 81.3993299 -3.41431542e-13) (429.812825 -49.2151989 2.76727259e-13) (247.443951 -5.99018004e-05 4.11079506e-13)
0.026894203      (250 1.61543513e-12 -7.09941383e-14) (128.634634 81.4179837 -3.30423697e-13) (429.304506 -48.176649 2.84412937e-13) (246.438613 -7.01629727e-05 3.99374378e-13)
0.027294203      (250 1.26111248e-12 -8.18477032e-14) (128.707241 81.8148813 -3.0626704e-13) (429.030864 -47.4485201 2.88277633e-13) (245.159035 -7.41562343e-06 3.79844561e-13)
0.027694203      (250 3.17418677e-13 -8.37948728e-14) (128.120454 82.6843951 -2.92260831e-13) (429.020826 -47.1331141 2.95641702e-13) (243.576 0.000193152867 3.68112442e-13)
0.028094203      (250 2.59663684e-12 -8.49744691e-14) (127.859424 83.5966144 -2.76479085e-13) (429.251158 -47.2634658 2.94297025e-13) (241.671146 0.000481562349 3.66029499e-13)
0.028494203      (250 -9.1789552e-14 -1.03083108e-13) (127.861609 84.2370831 -2.58619592e-13) (429.629036 -47.7164023 3.01996789e-13) (239.439724 0.000556915008 3.55279525e-13)
0.028894203      (250 -1.99534556e-12 -1.235206e-13) (127.696624 84.3793038 -2.44978982e-13) (430.051046 -48.457394 3.02057704e-13) (236.891742 -0.000198189174 3.66740532e-13)
0.029294203      (250 5.95388617e-12 -1.39889718e-13) (128.181211 83.7304639 -2.32264449e-13) (430.440712 -49.3020046 3.0262973e-13) (234.051197 -0.00221322116 3.60182116e-13)
0.029694203      (250 3.28796048e-13 -1.47317523e-13) (128.146503 83.4123976 -2.10959343e-13) (430.712037 -49.9650133 3.00922941e-13) (230.953276 -0.00457108445 3.49266494e-13)
0.030094203      (250 -6.34687879e-12 -1.71987481e-13) (128.297614 82.8885794 -1.96764915e-13) (430.852344 -50.3057495 2.97562066e-13) (227.639294 -0.00369193707 3.39364699e-13)
0.030494203      (250 4.71092655e-12 -1.84335791e-13) (128.841029 82.3355436 -1.74800448e-13) (430.875181 -50.2040641 2.92618135e-13) (224.149089 0.00623706739 3.40175724e-13)
0.030894203      (250 4.5089936e-12 -1.84417969e-13) (128.763531 82.1709467 -1.5587213e-13) (430.786735 -49.6245272 2.92786249e-13) (220.506445 0.0278268543 3.36418814e-13)
0.031294203      (250 -1.75997143e-12 -1.64117676e-13) (128.48521 82.2526264 -1.430847e-13) (430.617959 -48.6951317 2.95175724e-13) (216.6939 0.0449745984 3.34472653e-13)
0.031694203      (250 1.31783613e-11 -1.66717754e-13) (128.554294 82.5010517 -1.27567161e-13) (430.387131 -47.6034512 2.88472438e-13) (212.624565 0.00360663411 3.3682691e-13)
0.032094203      (250 -3.75084326e-12 -1.67511176e-13) (128.134474 83.0879037 -1.123858e-13) (430.188796 -46.8010652 2.82187232e-13) (208.414775 -0.177917979 3.38191847e-13)
0.032494203      (250 -3.49938576e-12 -1.84936908e-13) (127.787894 83.6243041 -9.92047729e-14) (430.11904 -46.51297 2.7248438e-13) (204.525261 -0.594055552 3.3080557e-13)
0.032894203      (250 -3.6310726e-12 -1.73110074e-13) (127.975536 84.0953588 -8.23544047e-14) (430.175335 -46.6664028 2.58710968e-13) (201.16431 -0.762631754 3.11600264e-13)
0.033294203      (250 -2.13698478e-12 -1.74617653e-13) (127.745278 84.4465511 -7.63515976e-14) (430.302923 -47.0799088 2.53390026e-13) (198.472301 -0.501740038 2.942167e-13)
0.033694203      (250 1.73168308e-11 -1.84287601e-13) (128.001088 84.1323426 -6.86276358e-14) (430.460825 -47.6307746 2.36210515e-13) (196.6115 -0.122253866 2.81421249e-13)
0.034094203      (250 1.9507923e-11 -1.93250644e-13) (128.252004 83.6138891 -6.02427257e-14) (430.593951 -48.1391925 2.17776191e-13) (195.382643 0.176096036 2.72891355e-13)
0.034494203      (250 -1.52580421e-11 -1.97286462e-13) (128.167037 83.2945578 -4.83871774e-14) (430.662243 -48.5048534 2.00726538e-13) (194.528872 0.310892082 2.70521164e-13)
0.034894203      (250 -1.09782446e-11 -2.02070046e-13) (128.319719 82.8015584 -4.27840789e-14) (430.717364 -48.7272238 1.77223419e-13) (193.966385 0.316764038 2.8007069e-13)
