# Probe 0 (-20 0.5 0)
# Probe 1 (-2.6 0.8 0)
# Probe 2 (2.6 0.8 0)
# Probe 3 (20 0.5 0)
# Time           0                1                2                3               
0                1013.25          1013.25          1013.25          1013.25         
0.000184930555   1013.25          1023.40259       991.380452       1013.25         
0.000584930555   1013.25          1142.38721       869.719448       1013.25         
0.000984930555   1013.25          1308.45199       818.475282       1013.25         
0.00138493056    1013.25          1326.26608       782.025526       1013.25         
0.00178493056    1013.25          1318.52577       736.209012       1013.25         
0.00218493056    1013.25          1376.49494       703.801992       1013.25         
0.00258493056    1013.25          1418.24095       678.650267       1013.25         
0.00298493056    1013.25          1410.80278       659.464702       1013.25         
0.00338493056    1013.25          1391.7641        649.172487       1013.25         
0.00378493056    1013.25          1372.90158       649.6352         1013.25         
0.00418493056    1013.25          1351.6645        673.933043       1013.25         
0.00458493056    1013.25          1337.84041       711.219147       1013.25         
0.00498493056    1013.25          1330.54215       719.412987       1013.25         
0.00538493056    1013.25          1326.8863        712.209345       1013.25         
0.00578493056    1013.25          1332.51704       708.85152        1013.25         
0.00618493056    1013.25          1350.2825        710.720062       1013.25         
0.00658493056    1013.25          1366.34635       709.883904       1013.25         
0.00698493056    1013.25          1369.60874       703.464792       1013.25         
0.00738493056    1013.25          1374.78988       696.831435       1013.25         
0.00778493056    1013.25          1379.82482       693.649682       1013.25         
0.00818493056    1013.25          1372.14784       692.604499       1013.25         
0.00858493056    1013.25          1359.35715       695.182864       1013.25         
0.00898493056    1013.25          1350.6273        700.821157       1013.25         
0.00938493056    1013.25          1344.73256       711.760175       1013.25         
0.00978493056    1013.25          1341.47609       730.14845        1013.25         
0.0101849306     1013.25          1342.10339       749.229743       1013.25         
0.0105849306     1013.25          1346.61648       762.747539       1013.25         
0.0109849306     1013.25          1354.40441       767.286709       1013.25         
0.0113849306     1013.25          1363.0652        768.621561       1013.25         
0.0117849306     1013.25          1367.96318       759.923799       1013.25         
0.0121849306     1013.25          1367.20787       743.739392       1013.25         
0.0125849306     1013.25          1365.34166       728.530687       1013.25         
0.0129849306     1013.25          1362.82475       718.184921       1013.25         
0.0133849306     1013.25          1356.64674       713.459691       1013.25         
0.0137849306     1013.25          1350.06969       714.986111       1013.25         
0.0141849306     1013.25          1346.89927       722.855167       1013.25         
0.0145849306     1013.25          1346.68392       736.22692        1013.25         
0.0149849306     1013.25          1348.49238       749.837105       1013.25         
0.0153849306     1013.25          1352.22668       758.921535       1013.25         
0.0157849306     1013.25          1356.82878       760.858572       1013.25         
0.0161849306     1013.25          1361.52516       757.730473       1013.25         
0.0165849306     1013.25          1363.85185       749.573552       1013.25         
0.0169849306     1013.25          1363.85321       740.196488       1013.25         
0.0173849306     1013.25          1362.16373       730.119935       1013.25         
0.0177849306     1013.25          1359.15478       720.844512       1013.25         
0.0181849306     1013.25          1355.38533       715.038884       1013.25         
0.0185849306     1013.25          1351.5845        714.125078       1013.25         
0.0189849306     1013.25          1349.46428       719.836631       1013.25         
0.0193849306     1013.25          1349.66847       728.975466       1013.25         
0.0197849306     1013.25          1351.40503       739.915513       1013.25         
0.0201849306     1013.25          1354.37517       749.534231       1013.25         
0.0205849306     1013.25          1357.97424       754.594862       1013.25         
0.0209849306     1013.25          1360.33056       754.316945       1013.25         
0.0213849306     1013.25          1361.42864       749.772992       1013.25         
0.0217849306     1013.25          1361.19122       742.681964       1013.25         
0.0221849306     1013.25          1359.21379       734.329216       1013.25         
0.0225849306     1013.25          1356.33467       726.624722       1013.24999      
0.0229849306     1013.25          1353.1083        720.735359       1013.24998      
0.0233849306     1013.25          1350.0244        718.157234       1013.24995      
0.0237849306     1013.25          1348.44504       720.134925       1013.24988      
0.0241849306     1013.25          1348.47878       726.345346       1013.24974      
0.0245849306     1013.25          1349.25116       734.623816       1013.24944      
0.0249849306     1013.25          1350.49302       742.987753       1013.24886      
0.0253849306     1013.25          1352.0233        748.414531       1013.24772      
0.0257849306     1013.25          1352.7835        749.718407       1013.24555      
0.0261849306     1013.25          1352.23312       746.937628       1013.24153      
0.0265849306     1013.25          1350.41969       741.82397        1013.23429      
0.0269849306     1013.25          1347.58044       734.873129       1013.22154      
0.0273849306     1013.25          1344.07143       727.966214       1013.19965      
0.0277849306     1013.25          1339.91045       722.728491       1013.16294      
0.0281849306     1013.25          1337.08255       720.031334       1013.10282      
0.0285849306     1013.25          1334.51849       720.045667       1013.00665      
0.0289849306     1013.25          1332.88418       723.785964       1012.85632      
0.0293849306     1013.25          1332.90439       729.831348       1012.62667      
0.0297849306     1013.25          1332.97519       736.465339       1012.28373      
0.0301849306     1013.25          1334.0726        741.883932       1011.78304      
0.0305849306     1013.25          1332.39905       744.660454       1011.06837      
0.0309849306     1013.25          1330.18216       744.469439       1010.07107      
0.0313849306     1013.25          1328.72062       741.026026       1008.71059      
0.0317849306     1013.25          1323.75319       736.682086       1006.89672      
0.0321849306     1013.25          1320.98235       731.763237       1004.5337       
0.0325849306     1013.25          1318.51905       726.644376       1001.52676      
0.0329849306     1013.25          1314.84835       723.909884       997.790789      
0.0333849306     1013.25          1313.23738       723.705311       993.261739      
0.0337849306     1013.25          1312.54236       725.974152       987.909618      
0.0341849306     1013.25          1311.43801       730.159297       981.748534      
0.0345849306     1013.25          1311.43554       735.350551       974.839289      
0.0349849306     1013.25          1311.92726       740.253566       967.282453      
