# Probe 0 (-20 0.5 0)
# Probe 1 (-2.6 0.8 0)
# Probe 2 (2.6 0.8 0)
# Probe 3 (20 0.5 0)
# Time           0                1                2                3               
0                0.0120390114     0.0120390114     0.0120390114     0.0120390114    
0.000184930555   0.0120390114     0.0121231916     0.0118532553     0.0120390114    
0.000584930555   0.0120390114     0.0130949485     0.0107463679     0.0120390114    
0.000984930555   0.0120390114     0.0144218001     0.0102388736     0.0120390114    
0.00138493056    0.0120390114     0.014573609      0.0098862506     0.0120390114    
0.00178493056    0.0120390114     0.0144813948     0.00945112021    0.0120390114    
0.00218493056    0.0120390114     0.0149342718     0.00914689279    0.0120390114    
0.00258493056    0.0120390114     0.0152761412     0.00891542953    0.0120390114    
0.00298493056    0.0120390114     0.0152255277     0.00874158486    0.0120390114    
0.00338493056    0.0120390114     0.0150836609     0.00865731739    0.0120390114    
0.00378493056    0.0120390114     0.0149447332     0.00867825013    0.0120390114    
0.00418493056    0.0120390114     0.0147904189     0.00893407378    0.0120390114    
0.00458493056    0.0120390114     0.0146892894     0.00933556754    0.0120390114    
0.00498493056    0.0120390114     0.0146350728     0.00943987473    0.0120390114    
0.00538493056    0.0120390114     0.0146061934     0.00938164517    0.0120390114    
0.00578493056    0.0120390114     0.0146484791     0.00934832489    0.0120390114    
0.00618493056    0.0120390114     0.0147886622     0.00937460011    0.0120390114    
0.00658493056    0.0120390114     0.0149140224     0.00937454427    0.0120390114    
0.00698493056    0.0120390114     0.014937816      0.00930763957    0.0120390114    
0.00738493056    0.0120390114     0.0149821768     0.0092293724     0.0120390114    
0.00778493056    0.0120390114     0.0150282111     0.00918412809    0.0120390114    
0.00818493056    0.0120390114     0.0149743304     0.00917046118    0.0120390114    
0.00858493056    0.0120390114     0.0148773986     0.00920864684    0.0120390114    
0.00898493056    0.0120390114     0.0148083191     0.00928578909    0.0120390114    
0.00938493056    0.0120390114     0.0147612815     0.00940697533    0.0120390114    
0.00978493056    0.0120390114     0.0147354215     0.00958133833    0.0120390114    
0.0101849306     0.0120390114     0.0147394451     0.00973595537    0.0120390114    
0.0105849306     0.0120390114     0.0147748372     0.00984357953    0.0120390114    
0.0109849306     0.0120390114     0.0148365795     0.00987510214    0.0120390114    
0.0113849306     0.0120390114     0.0149053378     0.00986189808    0.0120390114    
0.0117849306     0.0120390114     0.0149448229     0.00976520527    0.0120390114    
0.0121849306     0.0120390114     0.014941524      0.00962214216    0.0120390114    
0.0125849306     0.0120390114     0.01492984       0.00948046676    0.0120390114    
0.0129849306     0.0120390114     0.0149116757     0.00937709212    0.0120390114    
0.0133849306     0.0120390114     0.0148646092     0.00933379874    0.0120390114    
0.0137849306     0.0120390114     0.0148133437     0.0093652549     0.0120390114    
0.0141849306     0.0120390114     0.0147864818     0.00948444749    0.0120390114    
0.0145849306     0.0120390114     0.0147822683     0.00964685476    0.0120390114    
0.0149849306     0.0120390114     0.0147966025     0.00976001268    0.0120390114    
0.0153849306     0.0120390114     0.0148267511     0.00982158753    0.0120390114    
0.0157849306     0.0120390114     0.0148631472     0.0098169312     0.0120390114    
0.0161849306     0.0120390114     0.014900398      0.00977805071    0.0120390114    
0.0165849306     0.0120390114     0.0149194155     0.00970037871    0.0120390114    
0.0169849306     0.0120390114     0.0149219711     0.00960950247    0.0120390114    
0.0173849306     0.0120390114     0.0149100998     0.00951049138    0.0120390114    
0.0177849306     0.0120390114     0.0148871592     0.00941798325    0.0120390114    
0.0181849306     0.0120390114     0.0148582204     0.00936269449    0.0120390114    
0.0185849306     0.0120390114     0.0148284686     0.00936270819    0.0120390114    
0.0189849306     0.0120390114     0.0148102844     0.00943501733    0.0120390114    
0.0193849306     0.0120390114     0.0148094368     0.0095433639     0.0120390114    
0.0197849306     0.0120390114     0.0148228141     0.00965144858    0.0120390114    
0.0201849306     0.0120390114     0.014847347      0.00973163013    0.0120390114    
0.0205849306     0.0120390114     0.0148753596     0.00976091447    0.0120390114    
0.0209849306     0.0120390114     0.0148940574     0.00974102005    0.0120390114    
0.0213849306     0.0120390114     0.0149035363     0.00968986757    0.0120390114    
0.0217849306     0.0120390114     0.0149016543     0.00962102872    0.0120390114    
0.0221849306     0.0120390114     0.0148859182     0.0095403568     0.0120390114    
0.0225849306     0.0120390114     0.0148633073     0.00946085742    0.0120390113    
0.0229849306     0.0120390114     0.0148377587     0.00939769984    0.0120390112    
0.0233849306     0.0120390114     0.0148135466     0.00937009097    0.0120390109    
0.0237849306     0.0120390114     0.0148011723     0.00939144298    0.0120390103    
0.0241849306     0.0120390114     0.0148009926     0.00945478401    0.0120390091    
0.0245849306     0.0120390114     0.0148066736     0.00953053138    0.0120390065    
0.0249849306     0.0120390114     0.0148165682     0.00958932666    0.0120390012    
0.0253849306     0.0120390114     0.0148293413     0.0096123719     0.0120389911    
0.0257849306     0.0120390114     0.0148356718     0.00959366743    0.0120389718    
0.0261849306     0.0120390114     0.0148315791     0.0095326072     0.0120389362    
0.0265849306     0.0120390114     0.0148171992     0.00945277053    0.012038872     
0.0269849306     0.0120390114     0.0147948989     0.00936365362    0.0120387593    
0.0273849306     0.0120390114     0.0147669388     0.00927918087    0.0120385659    
0.0277849306     0.0120390114     0.0147345742     0.00921291292    0.0120382421    
0.0281849306     0.0120390114     0.0147128555     0.00917936931    0.0120377126    
0.0285849306     0.0120390114     0.0146929348     0.00918408815    0.0120368669    
0.0289849306     0.0120390114     0.0146812856     0.00922952796    0.0120355471    
0.0293849306     0.0120390114     0.0146819713     0.00929307512    0.0120335339    
0.0297849306     0.0120390114     0.014682246      0.009351365      0.0120305322    
0.0301849306     0.0120390114     0.014691015      0.00939061727    0.0120261568    
0.0305849306     0.0120390114     0.0146765547     0.00939985995    0.0120199214    
0.0309849306     0.0120390114     0.0146619625     0.00938070388    0.0120112337    
0.0313849306     0.0120390114     0.0146479558     0.00933263064    0.0119994008    
0.0317849306     0.0120390114     0.0146089111     0.00927989381    0.0119836479    
0.0321849306     0.0120390114     0.0145881546     0.00922680412    0.0119631548    
0.0325849306     0.0120390114     0.0145672603     0.00917530577    0.0119371108    
0.0329849306     0.0120390114     0.0145384126     0.00914703133    0.0119047883    
0.0333849306     0.0120390114     0.014526933      0.00914085057    0.0118656384    
0.0337849306     0.0120390114     0.0145207901     0.00916124862    0.0118194002    
0.0341849306     0.0120390114     0.0145124293     0.00920175911    0.0117661842    
0.0345849306     0.0120390114     0.0145134079     0.00924441737    0.0117064947    
0.0349849306     0.0120390114     0.0145157751     0.00927511764    0.011641171     
