# Probe 0 (-20 0.5 0)
# Probe 1 (-2.6 0.8 0)
# Probe 2 (2.6 0.8 0)
# Probe 3 (20 0.5 0)
# Time           0                1                2                3               
0                (150 0 0)        (150 0 0)        (150 0 0)        (150 0 0)       
0.000184930555   (150 -6.96090173e-14 8.32683637e-17) (148.976947 2.31517972 2.88899446e-14) (149.435364 -5.39778641 2.80145779e-15) (150 1.36024911e-14 -7.74152836e-15)
0.000584930555   (150 8.75824961e-14 6.14889461e-15) (123.123233 27.2653882 3.54996749e-14) (148.925399 -48.5720981 -7.8296815e-15) (150 5.03079356e-14 -1.92934772e-14)
0.000984930555   (150 2.52186549e-13 2.40202336e-14) (96.5180819 65.3489776 -1.3208952e-14) (160.907125 -73.3314881 -2.3827725e-14) (150 3.41970508e-13 3.42827635e-17)
0.00138493056    (150 -1.06607732e-13 4.96687875e-14) (93.0883865 88.975699 -2.28846271e-14) (176.268701 -81.2527833 -1.63667531e-14) (150 4.25126843e-14 -5.72908854e-16)
0.00178493056    (150 1.46378276e-13 9.14300628e-14) (97.0426273 82.9764056 1.83165717e-15) (193.110942 -78.490101 -8.56892502e-15) (150 1.33280476e-13 -1.44442313e-14)
0.00218493056    (150 2.80992138e-13 1.32541496e-13) (95.8243742 70.3612137 2.307735e-14) (207.9348 -74.2662671 -1.27579416e-14) (150 3.60069063e-13 2.89220784e-15)
0.00258493056    (150 2.40679967e-13 1.83421484e-13) (95.2784552 64.1485347 2.98516668e-14) (219.394353 -71.1512428 -1.33161709e-14) (150 6.14452201e-14 1.58597657e-14)
0.00298493056    (150 2.63284771e-13 2.12387088e-13) (98.2919571 64.2592649 1.90426552e-14) (229.042511 -67.1785239 -1.18059114e-14) (150 2.05700528e-13 1.30889643e-14)
0.00338493056    (150 3.14853072e-13 2.62737311e-13) (100.871835 62.9082432 2.09229169e-14) (237.153241 -60.5633884 -1.20376157e-14) (150 2.14655167e-13 1.67559161e-14)
0.00378493056    (150 5.55178195e-13 2.97454457e-13) (102.297882 58.5753817 1.78544983e-14) (243.231415 -51.0027293 -1.67358005e-14) (150 5.39063685e-13 3.55303306e-14)
0.00418493056    (150 3.9807523e-13 3.33340304e-13) (102.933247 54.3670867 1.55098612e-14) (246.951484 -33.33786 -1.35937536e-14) (150 -9.5539217e-15 4.50972199e-14)
0.00458493056    (150 2.15078665e-13 3.7196377e-13) (102.511818 53.062903 -1.33749789e-16) (245.874837 -9.9873831 -1.65564583e-14) (150 -5.0975749e-14 7.27601567e-14)
0.00498493056    (150 3.15470153e-13 4.1048472e-13) (101.177331 55.4409992 2.79639624e-15) (243.159378 0.396673015 -1.7862372e-14) (150 2.21880467e-13 7.03747987e-14)
0.00538493056    (150 4.87458035e-13 4.43893571e-13) (99.2486834 59.8909478 -1.9551025e-15) (242.847458 1.23633788 -2.50956388e-14) (150 3.39109573e-13 8.13100947e-14)
0.00578493056    (150 4.97593608e-13 4.86067483e-13) (97.2891659 64.4744732 1.4738189e-15) (242.148316 -2.60474976 -2.51196288e-14) (150 -1.4528082e-14 1.09328304e-13)
0.00618493056    (150 8.85990501e-13 5.05884667e-13) (95.472075 69.2280459 1.46167332e-14) (240.361523 -6.30140105 -2.06127006e-14) (150 8.84592098e-14 1.22209305e-13)
0.00658493056    (150 4.05493579e-13 5.18595185e-13) (94.8374414 72.148881 1.42657368e-14) (239.533304 -8.09851731 -3.42458056e-14) (150 2.54854517e-13 1.32563729e-13)
0.00698493056    (150 6.04962485e-13 5.60875905e-13) (96.1311699 69.9275058 2.15372276e-14) (240.158681 -8.59957717 -3.95057251e-14) (150 -2.65314361e-13 1.57732914e-13)
0.00738493056    (150 4.48203391e-13 5.81350464e-13) (98.1205969 65.0411303 2.10050565e-14) (241.616591 -8.34059304 -3.81584641e-14) (150 2.24102558e-13 1.91890419e-13)
0.00778493056    (150 3.18810641e-13 6.08105667e-13) (99.8079395 61.2220334 2.8259804e-14) (243.123124 -6.82554559 -4.07875197e-14) (150 -3.24056193e-13 2.02560043e-13)
0.00818493056    (150 6.43247622e-13 6.30515642e-13) (100.949262 60.3256662 1.71721723e-14) (244.393807 -4.30641609 -3.81510566e-14) (150 1.73072556e-13 2.32006721e-13)
0.00858493056    (150 8.58653396e-13 6.54000858e-13) (101.237505 60.3204016 9.38551362e-15) (245.356938 -0.489905935 -3.41829205e-14) (150 5.31041978e-13 2.41715801e-13)
0.00898493056    (150 4.90437426e-13 6.69933782e-13) (101.004282 59.9085399 9.56670541e-15) (245.633783 4.5423564 -3.40855692e-14) (150 -2.90670794e-13 2.62991317e-13)
0.00938493056    (150 9.69680852e-13 6.83894199e-13) (100.471434 59.7463682 1.71985755e-14) (245.338173 9.71750446 -3.23697466e-14) (150 -4.89961457e-15 2.93096148e-13)
0.00978493056    (150 9.21896019e-13 6.90477501e-13) (99.6649404 60.5810837 1.5818897e-14) (244.835152 14.8982386 -3.55187857e-14) (150 4.10586171e-13 3.0804743e-13)
0.0101849306     (150 5.39947057e-13 6.86159399e-13) (98.7091099 62.5233872 2.27358114e-14) (245.358347 16.3630753 -3.54741474e-14) (150 4.80933645e-14 3.32947405e-13)
0.0105849306     (150 3.09064766e-13 6.7970062e-13) (97.8548563 65.0107377 2.26396959e-14) (250.466909 11.0285264 -2.58509648e-14) (150 -3.21462576e-13 3.50607592e-13)
0.0109849306     (150 9.12861733e-13 6.87503509e-13) (97.3586295 67.1648231 3.21210832e-14) (259.306669 0.706187837 -4.36477297e-15) (150 1.37760745e-13 3.7870266e-13)
0.0113849306     (150 1.02375315e-12 6.96265161e-13) (97.2932687 68.2843078 2.78294634e-14) (268.456696 -9.98454152 3.37481988e-14) (150 8.09992272e-14 4.04454612e-13)
0.0117849306     (150 7.26494121e-13 6.93614657e-13) (97.8792865 67.6465231 3.38656722e-14) (276.432868 -17.5490147 7.27133645e-14) (150 1.12086396e-13 4.39639242e-13)
0.0121849306     (150 1.22840989e-12 6.93006502e-13) (99.0869537 65.1676612 3.2616432e-14) (283.084831 -21.0927701 1.02809777e-13) (150 3.12618706e-14 4.70607425e-13)
0.0125849306     (150 1.23385452e-12 6.8491559e-13) (100.121408 62.2566974 2.62020574e-14) (288.885179 -21.1985051 1.20092654e-13) (150 -2.42419775e-14 4.92590547e-13)
0.0129849306     (150 9.39437939e-13 6.74632206e-13) (100.627016 60.6752268 3.05228715e-14) (293.417001 -18.3646471 1.40650297e-13) (150 9.59675718e-14 5.3186934e-13)
0.0133849306     (150 7.0098967e-13 6.67044519e-13) (100.548342 60.8491948 2.87447596e-14) (296.008305 -13.186558 1.6182441e-13) (150 -8.85702899e-14 5.70971625e-13)
0.0137849306     (150 4.7974032e-13 6.68446247e-13) (100.13004 61.7076757 3.27971309e-14) (296.181609 -5.78290095 1.66389488e-13) (150 6.35723509e-13 5.93173796e-13)
0.0141849306     (150 7.69859935e-13 6.48977372e-13) (99.6416516 62.3983342 3.51489091e-14) (294.180051 2.78290117 1.61187129e-13) (150 2.41175459e-13 6.17377412e-13)
0.0145849306     (150 1.05091417e-12 6.43449855e-13) (99.0453025 63.0518239 4.53431338e-14) (291.424801 11.5947841 7.63954558e-14) (150 8.72666995e-14 6.40626128e-13)
0.0149849306     (150 1.13282579e-12 6.38026707e-13) (98.4609934 64.0256113 4.22447194e-14) (287.044168 18.0930962 -3.70512261e-15) (150 2.05623579e-13 6.57221634e-13)
0.0153849306     (150 1.14288624e-12 6.25225727e-13) (98.1274759 65.2272839 4.72195715e-14) (281.545527 20.3556565 -4.58572214e-14) (150 4.5504974e-13 6.8511964e-13)
0.0157849306     (150 1.16033257e-12 6.06344029e-13) (98.055833 66.2915941 4.47390027e-14) (278.239979 16.8752983 -6.21697531e-14) (150 -2.68115144e-14 7.0336905e-13)
0.0161849306     (150 1.3428359e-12 5.85922474e-13) (98.2609624 66.7557175 4.49468885e-14) (278.854044 8.93281618 -4.18452366e-14) (150 -1.41538674e-13 7.23907554e-13)
0.0165849306     (150 1.49302147e-12 5.68541787e-13) (98.7004609 66.3560176 4.81209381e-14) (281.343948 0.221692358 2.83603401e-14) (150 3.4729723e-13 7.47115601e-13)
0.0169849306     (150 8.81942365e-13 5.40154312e-13) (99.2061229 64.9561963 3.72017225e-14) (284.467191 -5.84113354 1.19593302e-13) (150 1.86749072e-13 7.53887386e-13)
0.0173849306     (150 1.35783323e-12 5.27873685e-13) (99.7115982 63.0937884 3.93105646e-14) (287.399228 -9.04612977 1.85318076e-13) (150 -1.41765353e-13 7.68182154e-13)
0.0177849306     (150 1.48092309e-12 5.19660315e-13) (100.001405 61.7479305 3.42586394e-14) (290.021777 -9.71506574 2.18586086e-13) (150 -1.76967622e-13 7.76365071e-13)
0.0181849306     (150 1.17027156e-12 5.13097011e-13) (99.9139758 61.5553517 2.25936532e-14) (292.047378 -8.09803758 2.36027898e-13) (150 -1.94088322e-13 7.94490105e-13)
0.0185849306     (150 1.33982639e-12 4.91703384e-13) (99.5173672 62.3315897 1.79451424e-14) (293.237282 -4.44640979 2.33222317e-13) (150 -1.47039659e-13 8.05728723e-13)
0.0189849306     (150 1.35078074e-12 4.68506971e-13) (99.0793272 63.3615146 8.74512722e-15) (293.146061 0.852797836 2.10433987e-13) (150 -8.63474287e-14 8.16797671e-13)
0.0193849306     (150 1.3906448e-12 4.55914529e-13) (98.6921093 64.1595989 8.26680555e-15) (291.996269 7.23513916 1.4033222e-13) (150 -1.03532375e-13 8.23583949e-13)
0.0197849306     (150 1.57150791e-12 4.33703855e-13) (98.3356904 64.763574 6.59571836e-15) (289.654153 12.6862009 6.95076711e-14) (150 -2.91588736e-14 8.49045701e-13)
0.0201849306     (150 1.41561882e-12 4.19667368e-13) (98.2290185 65.3022256 3.25553138e-15) (286.438487 16.0457115 1.83411697e-14) (150 1.17250729e-14 8.38643698e-13)
0.0205849306     (150 2.27340236e-12 3.98607293e-13) (98.4373352 65.7277697 -1.14865744e-14) (283.26655 15.9038625 3.93745932e-15) (150 -1.26619083e-13 8.56540325e-13)
0.0209849306     (150 3.071667e-12 3.62092907e-13) (98.6900679 65.8624685 -1.75904241e-14) (281.558377 11.9387561 2.72085594e-14) (150 -2.49613401e-13 8.68013309e-13)
0.0213849306     (150 2.42764158e-12 3.53409713e-13) (98.9421955 65.5042802 -2.08001699e-14) (281.708663 5.81503756 7.67925274e-14) (150 -4.51518964e-13 8.8783462e-13)
0.0217849306     (150 2.48322932e-12 3.35529128e-13) (99.3153081 64.6098583 -3.60970084e-14) (282.891769 -0.184583973 1.62194287e-13) (149.999999 -9.15036632e-13 9.05635433e-13)
0.0221849306     (150 2.91418156e-12 3.16120052e-13) (99.6849754 63.4855504 -3.85368625e-14) (284.258413 -4.13249776 2.41655626e-13) (149.999999 -2.88185754e-12 9.04895055e-13)
0.0225849306     (150 2.84128483e-12 3.04573411e-13) (99.9171251 62.6290871 -6.05254346e-14) (285.571696 -6.08490918 2.88175307e-13) (149.999997 -7.02168436e-12 9.22050115e-13)
0.0229849306     (150 1.07205567e-12 2.73884997e-13) (99.943286 62.4776993 -6.3791843e-14) (286.767779 -6.21996235 3.14445564e-13) (149.999992 -1.50426173e-11 9.1806575e-13)
0.0233849306     (150 1.57297615e-12 2.58839039e-13) (99.7051322 63.0923516 -7.59192351e-14) (287.698827 -4.59487935 3.19178824e-13) (149.999983 -2.0970495e-11 9.37648774e-13)
0.0237849306     (150 4.07024478e-12 2.42165794e-13) (99.4182947 64.0715417 -8.7266712e-14) (288.08392 -1.36084326 3.23709071e-13) (149.999962 -4.14020537e-11 9.48690705e-13)
0.0241849306     (150 7.99978248e-13 2.30873607e-13) (99.2762096 64.9774499 -9.43017231e-14) (287.360328 2.91664849 3.15610269e-13) (149.999918 -8.73445439e-11 9.63169175e-13)
0.0245849306     (150 -1.44653565e-12 2.2615836e-13) (99.2660178 65.5756583 -9.87091491e-14) (285.575754 7.42266356 2.82192092e-13) (149.999828 -6.2841881e-10 9.64259061e-13)
0.0249849306     (150 -8.12223337e-13 2.29695481e-13) (99.4426947 65.8786993 -1.17848072e-13) (282.831384 10.883443 2.40819629e-13) (149.99965 -1.93068371e-09 9.77028747e-13)
0.0253849306     (150 6.91200009e-12 2.09657868e-13) (99.8339439 65.9826267 -1.25237942e-13) (279.720555 12.5380621 1.98748271e-13) (149.999305 -5.54034655e-09 9.90672219e-13)
0.0257849306     (150 1.63313697e-12 1.90888644e-13) (100.292317 65.9368959 -1.28059313e-13) (276.871079 11.5000821 1.845899e-13) (149.998654 -1.15210037e-08 9.72727391e-13)
0.0261849306     (150 -2.71788182e-12 1.71897946e-13) (100.752468 65.7327845 -1.39375352e-13) (275.19472 7.98519622 1.97743592e-13) (149.997459 -2.41663674e-08 9.69371563e-13)
0.0265849306     (150 -7.75156863e-13 1.56075463e-13) (101.248337 65.3483122 -1.41915489e-13) (275.050967 3.32158052 2.28425363e-13) (149.99532 -4.09170755e-08 9.66435753e-13)
0.0269849306     (150 1.02045372e-12 1.36940429e-13) (101.733694 64.8792376 -1.47491461e-13) (275.91942 -0.915955918 2.90051092e-13) (149.991583 -5.99277176e-08 9.55397704e-13)
0.0273849306     (150 -3.37533594e-13 1.37825848e-13) (102.151794 64.5785599 -1.53508674e-13) (276.936897 -3.41704846 3.21367642e-13) (149.985216 -9.21405289e-08 9.64142428e-13)
0.0277849306     (150 6.67210592e-12 1.13546911e-13) (102.352682 64.7489201 -1.50591423e-13) (277.921316 -4.38861317 3.30965838e-13) (149.974624 -9.18187767e-08 9.71733147e-13)
0.0281849306     (150 -4.32562935e-13 9.17040916e-14) (102.581896 65.3107259 -1.39071587e-13) (278.823738 -3.81879514 3.3895115e-13) (149.957419 -1.10081719e-07 9.75673458e-13)
0.0285849306     (150 -1.21308902e-11 8.39271485e-14) (102.732035 66.2353371 -1.35055125e-13) (279.39435 -1.84722022 3.51341662e-13) (149.930126 -1.05764868e-07 9.82201064e-13)
0.0289849306     (150 2.05342829e-11 7.05086805e-14) (102.833125 67.2161181 -1.35809219e-13) (279.112376 1.14492462 3.55646357e-13) (149.887825 -2.9783237e-07 9.84605046e-13)
0.0293849306     (150 1.23792112e-12 7.03468778e-14) (103.205828 67.9352115 -1.32247839e-13) (277.761079 4.70668025 3.43159961e-13) (149.823767 -6.28642173e-07 9.82328908e-13)
0.0297849306     (150 -3.19316417e-11 7.35606169e-14) (103.741248 68.2878754 -1.28493377e-13) (275.33442 7.84612037 3.24383665e-13) (149.72897 -1.39181953e-06 9.83425031e-13)
0.0301849306     (150 1.99387166e-11 6.01163958e-14) (104.454971 68.2679367 -1.2185306e-13) (272.392618 9.98908724 2.98764314e-13) (149.59187 -2.5327252e-06 9.9086168e-13)
0.0305849306     (150 3.38588791e-11 5.98476081e-14) (104.949218 68.215307 -1.20385024e-13) (269.406444 10.5568737 2.81591581e-13) (149.398092 -2.96523197e-06 1.00173409e-12)
0.0309849306     (150 -3.55405958e-11 5.42761494e-14) (105.328952 68.2474738 -1.12005518e-13) (267.072277 9.11386703 2.8267267e-13) (149.130438 -2.81739448e-06 1.00057206e-12)
0.0313849306     (150 -4.45256518e-11 4.58397056e-14) (106.07098 68.0597932 -1.015485e-13) (265.954566 6.2350604 2.93620887e-13) (148.769191 4.30051655e-07 1.00246846e-12)
0.0317849306     (150 6.12078578e-11 4.21384869e-14) (106.339722 68.041032 -9.43248462e-14) (266.241984 2.81695527 3.26545605e-13) (148.292835 4.65958107e-06 9.89655593e-13)
0.0321849306     (150 3.5081635e-11 4.61230079e-14) (106.7027 68.0342631 -8.79413462e-14) (267.418454 -0.136479403 3.60412975e-13) (147.679241 5.36448848e-06 9.84643196e-13)
0.0325849306     (150 -4.25579589e-11 5.139699e-14) (107.25081 68.1902794 -8.33037247e-14) (268.935578 -1.93486879 3.85939537e-13) (146.907359 -8.43432421e-06 9.72856253e-13)
0.0329849306     (150 -2.38792714e-11 3.42980221e-14) (107.403585 68.7794185 -7.2650776e-14) (270.258429 -2.21357116 3.99889267e-13) (145.959335 -5.40670453e-05 9.68493689e-13)
0.0333849306     (150 3.20635571e-11 3.24051363e-14) (107.527363 69.5295483 -6.55931445e-14) (271.226215 -1.22761967 4.02554172e-13) (144.822787 -0.000132874014 9.70034502e-13)
0.0337849306     (150 8.60723445e-13 3.36531835e-14) (107.855995 70.2766362 -6.44479518e-14) (271.527306 0.812629016 4.05965513e-13) (143.492768 -0.000211814588 9.74067483e-13)
0.0341849306     (150 -1.89464575e-11 2.77084084e-14) (108.093928 70.9154504 -5.33255334e-14) (270.799973 3.48805363 3.82156993e-13) (141.972853 -0.000184406623 9.6834005e-13)
0.0345849306     (150 -1.84369328e-11 3.0327676e-15) (108.44661 71.1746066 -4.94309193e-14) (268.909367 6.1515405 3.57321962e-13) (140.274918 0.000105627501 9.48660379e-13)
0.0349849306     (150 5.11836751e-11 1.09136792e-14) (109.086064 71.192419 -4.00242228e-14) (266.348536 8.27885639 3.29667137e-13) (138.417515 0.000703356894 9.56245389e-13)
