# Forces         
# CofR           : (0.000000000e+00 0.000000000e+00 0.000000000e+00)
# Time           forces(pressure viscous)	moments(pressure viscous)
0                	((0.000000000e+00 -3.314800816e+02 0.000000000e+00) (0.000000000e+00 0.000000000e+00 0.000000000e+00)) ((-8.977262397e-18 -3.516429381e-18 1.243449788e-14) (0.000000000e+00 0.000000000e+00 0.000000000e+00))
0.0050049306     	((1.869413617e+01 -3.390100834e+02 0.000000000e+00) (0.000000000e+00 0.000000000e+00 0.000000000e+00)) ((-9.187232922e-18 -3.575443368e-18 4.013696510e+01) (0.000000000e+00 0.000000000e+00 0.000000000e+00))
0.010004931      	((1.811046754e+01 -3.433864871e+02 0.000000000e+00) (0.000000000e+00 0.000000000e+00 0.000000000e+00)) ((-9.705436479e-18 -3.621945188e-18 3.645130976e+01) (0.000000000e+00 0.000000000e+00 0.000000000e+00))
0.015004931      	((1.734745028e+01 -3.295117429e+02 0.000000000e+00) (0.000000000e+00 0.000000000e+00 0.000000000e+00)) ((-9.262325314e-18 -3.657020589e-18 4.503162415e+01) (0.000000000e+00 0.000000000e+00 0.000000000e+00))
0.020004931      	((1.707758908e+01 -3.137276810e+02 0.000000000e+00) (0.000000000e+00 0.000000000e+00 0.000000000e+00)) ((-8.579278466e-18 -3.653659723e-18 4.807877275e+01) (0.000000000e+00 0.000000000e+00 0.000000000e+00))
0.025004931      	((1.679692222e+01 -2.984296806e+02 0.000000000e+00) (0.000000000e+00 0.000000000e+00 0.000000000e+00)) ((-8.059389499e-18 -3.644117293e-18 4.336689341e+01) (0.000000000e+00 0.000000000e+00 0.000000000e+00))
0.030004931      	((1.639430671e+01 -2.851897878e+02 0.000000000e+00) (0.000000000e+00 0.000000000e+00 0.000000000e+00)) ((-7.691631926e-18 -3.612249486e-18 3.514830542e+01) (0.000000000e+00 0.000000000e+00 0.000000000e+00))
0.035004931      	((1.588083844e+01 -2.757347716e+02 0.000000000e+00) (0.000000000e+00 0.000000000e+00 0.000000000e+00)) ((-7.446065637e-18 -3.582458972e-18 2.771564978e+01) (0.000000000e+00 0.000000000e+00 0.000000000e+00))
